10000111101001111001111011100011001111011111000110110101010010000110000001011001011001011101010001101010000011000010010111101111111111111110010111011111110011111101111110111110111
10000111101001111001111011100011001111011111000110110101010010000110000001011001011001011101010001101010000011000010010111101111111111111110010111011111110011110101111110111110111
10000111101001111001111011100011001111011111000110110101010010000110000001011001011001011101000001101010000011000010010111101111111111111110010111011111110011110101111110111110111
10000111101001111001111011100011001111011111000110110101010010000110000000011001011001011101000001101010000011000010010111101111111111111110010111011111110011110101111110111110111
10000111101001111000111011100011001111011011000110110101010010000110000000011001011001011101000001101000000010000010010111100111111111011110010111011011110011110101111110011110111
10000100100001111000111001100000001001011011000100110101000000000110000000000001000001011000000001101000000010000010000101100100101111001110000101001001110010010001011100010110101
10000100100001111000111001100000001001011011000100110101000000000010000000000001000001011000000001101000000010000010000101100100101111001110000101001001110010010001011100010110101
10000100100001111000111001100000001001011011000100110101000000000000000000000001000001011000000001101000000010000010000101100100101111001110000101001001110010000001011100010010101
10000100100001111000101001100000001001011011000100110001000000000000000000000001000001001000000001101000000010000010000101100100101111001110000101001001110010000001011100010010101
10000100100001111000101001100000001001011011000100110001000000000000000000000001000001001000000001101000000010000010000101100100101111001110000000001001110010000001011100010010101
10000100100001111000101001100000001001011011000100110001000000000000000000000001000001001000000001101000000010000010000101100100101111001010000000001001110010000001011100010010101
10000100000000111000000001100000001001010011000100010001000000000000000000000000000001000000000001101000000010000000000000000100100100001010000000001000100010000000000100000010101
10000100000000111000000000000000001001010011000100010001000000000000000000000000000001000000000001101000000010000000000000000000100100001010000000001000000010000000000100000000101
10000100000000111000000000000000001000010011000100010001000000000000000000000000000001000000000001101000000010000000000000000000100100001010000000001000000010000000000100000000101
10000100000000111000000000000000001000010011000100010001000000000000000000000000000001000000000001101000000010000000000000000000100000001010000000001000000010000000000100000000101
10000100000000101000000000000000001000010011000100010001000000000000000000000000000001000000000001101000000010000000000000000000100000001010000000001000000010000000000100000000101
10000100000000101000000000000000001000010011000100010001000000000000000000000000000001000000000001001000000010000000000000000000100000001010000000001000000010000000000100000000101
10000100000000101000000000000000001000000011000100010001000000000000000000000000000001000000000001001000000010000000000000000000000000001010000000001000000000000000000100000000101
10000100000000101000000000000000001000000010000000010001000000000000000000000000000000000000000001001000000010000000000000000000000000000010000000001000000000000000000100000000100
10000100000000101000000000000000001000000010000000000001000000000000000000000000000000000000000001001000000010000000000000000000000000000010000000001000000000000000000100000000100
10000100000000001000000000000000001000000010000000000001000000000000000000000000000000000000000000000000000010000000000000000000000000000010000000001000000000000000000100000000000
10000100000000001000000000000000001000000000000000000001000000000000000000000000000000000000000000000000000010000000000000000000000000000010000000001000000000000000000100000000000
10000000000000000000000000000000001000000000000000000001000000000000000000000000000000000000000000000000000000000000000000000000000000000010000000001000000000000000000000000000000
10000000000000000000000000000000001000000000000000000000000000000000000000000000000000000000000000000000000000000000000000000000000000000000000000001000000000000000000000000000000
00000000000000000000000000000000001000000000000000000000000000000000000000000000000000000000000000000000000000000000000000000000000000000000000000001000000000000000000000000000000
00000000000000000000000000000000000000000000000000000001000000000000000000000000000000000000000000000000000000000000000000000000000000000010000000000000000000000000000000000000000
00000100000000001000000000000000000000000000000000000000000000000000000000000000000000000000000000000000000010000000000000000000000000000000000000000000000000000000000100000000000
00000100000000001000000000000000000000000000000000000000000000000000000000000000000000000000000000000000000000000000000000000000000000000000000000000000000000000000000000000000000
00000000000000000000000000000000000000000000000000000000000000000000000000000000000000000000000000000000000010000000000000000000000000000000000000000000000000000000000100000000000
00000000000000100000000000000000000000000000000000000000000000000000000000000000000000000000000001001000000000000000000000000000000000000000000000000000000000000000000000000000100
00000000000000100000000000000000000000000000000000000000000000000000000000000000000000000000000000001000000000000000000000000000000000000000000000000000000000000000000000000000100
00000000000000100000000000000000000000000000000000000000000000000000000000000000000000000000000000000000000000000000000000000000000000000000000000000000000000000000000000000000100
00000000000000000000000000000000000000000001000100000000000000000000000000000000000001000000000000000000000000000000000000000000000000001000000000000000000000000000000000000000001
00000000000000000000000000000000000000000001000100000000000000000000000000000000000001000000000000000000000000000000000000000000000000001000000000000000000000000000000000000000000
00000000000000000000000000000000000000000000000100000000000000000000000000000000000001000000000000000000000000000000000000000000000000001000000000000000000000000000000000000000000
00000000000000000000000000000000000000000000000100000000000000000000000000000000000000000000000000000000000000000000000000000000000000001000000000000000000000000000000000000000000
00000000000000000000000000000000000000010000000000000000000000000000000000000000000000000000000000000000000000000000000000000000100000000000000000000000000010000000000000000000000
00000000000000000000000000000000000000010000000000000000000000000000000000000000000000000000000000000000000000000000000000000000000000000000000000000000000010000000000000000000000
00000000000000000000000001100000000000000000000000000000000000000000000000000000000000000000000000000000000000000000000000000100000000000000000000000000100000000000000000000010000
00000000000000000000000001100000000000000000000000000000000000000000000000000000000000000000000000000000000000000000000000000000000000000000000000000000000000000000000000000010000
00000000000000000000000000100000000000000000000000000000000000000000000000000000000000000000000000000000000000000000000000000000000000000000000000000000000000000000000000000010000
00000000000000000000000000000000000000000000000000000000000000000000000000000000000000000000000000000000000000000000000000000100000000000000000000000000100000000000000000000000000
00000000100001000000101000000000000000001000000000100000000000000000000000000001000000001000000000000000000000000010000101100000001011000000000000000001010000000001011000010000000
00000000100000000000000000000000000000000000000000000000000000000000000000000000000000000000000000000000000000000000000100000000000000000000000000000000000000000001000000010000000
00000000100000000000000000000000000000000000000000000000000000000000000000000000000000000000000000000000000000000000000100000000000000000000000000000000000000000001000000000000000
00000000000000000000000000000000000000000000000000000000000000000000000000000000000000000000000000000000000000000000000100000000000000000000000000000000000000000001000000000000000
00000000000001000000101000000000000000001000000000100000000000000000000000000001000000001000000000000000000000000010000001100000001011000000000000000001010000000000011000000000000
00000000000001000000000000000000000000000000000000000000000000000000000000000000000000001000000000000000000000000000000000000000000000000000000000000000000000000000000000000000000
00000000000000000000101000000000000000001000000000100000000000000000000000000001000000000000000000000000000000000010000001100000001011000000000000000001010000000000011000000000000
00000000000000000000101000000000000000001000000000100000000000000000000000000001000000000000000000000000000000000010000001000000001011000000000000000001010000000000010000000000000
00000000000000000000101000000000000000001000000000000000000000000000000000000001000000000000000000000000000000000010000001000000001011000000000000000001010000000000010000000000000
00000000000000000000001000000000000000001000000000000000000000000000000000000001000000000000000000000000000000000010000001000000001011000000000000000001010000000000010000000000000
00000000000000000000001000000000000000001000000000000000000000000000000000000001000000000000000000000000000000000010000001000000001011000000000000000001010000000000000000000000000
00000000000000000000001000000000000000001000000000000000000000000000000000000001000000000000000000000000000000000000000001000000001011000000000000000001010000000000000000000000000
00000000000000000000001000000000000000001000000000000000000000000000000000000000000000000000000000000000000000000000000000000000001011000000000000000000000000000000000000000000000
00000000000000000000001000000000000000000000000000000000000000000000000000000000000000000000000000000000000000000000000000000000001011000000000000000000000000000000000000000000000
00000000000000000000000000000000000000000000000000000000000000000000000000000000000000000000000000000000000000000000000000000000001011000000000000000000000000000000000000000000000
00000000000000000000000000000000000000000000000000000000000000000000000000000000000000000000000000000000000000000000000000000000000011000000000000000000000000000000000000000000000
00000000000000000000000000000000000000000000000000000000000000000000000000000001000000000000000000000000000000000000000001000000000000000000000000000001010000000000000000000000000
00000000000000000000000000000000000000000000000000000000000000000000000000000001000000000000000000000000000000000000000001000000000000000000000000000001000000000000000000000000000
00000000000000000000000000000000000000000000000000000000000000000000000000000001000000000000000000000000000000000000000000000000000000000000000000000001000000000000000000000000000
00000000000000000000000000000000000000000000000000000000000000000000000000000000000000000000000000000000000000000000000000100000000000000000000000000000000000000000001000000000000
00000000000000000000000000000000000000000000000000000000000000000000000000000000000000000000000000000000000000000000000000000000000000000000000101000000000000000000000000000000000
00000000000000000000010000000000000000000000000000000100000000000000000000000000000000010000000000000000000000000000000000000000000000000000000000000000000000000000000000000000000
00000000000000000000010000000000000000000000000000000100000000000000000000000000000000000000000000000000000000000000000000000000000000000000000000000000000000000000000000000000000
00000000000000000000000000000000000000000000000000000000000000000010000000000000000000000000000000000000000000000000000000000000000000000000000000000000000000010000000000000100000
00000000000000000000000000000000000000000000000000000000000000000010000000000000000000000000000000000000000000000000000000000000000000000000000000000000000000010000000000000000000
00000011001000000000000010000011000110000000000010000000010010000000000000011000011000000101000000000000000000000000010010000011010000010000010010010010000001100100100010001000010
00000011001000000000000010000001000110000000000010000000010010000000000000011000011000000101000000000000000000000000010010000011010000010000010010010010000001100100100010001000010
00000011001000000000000010000001000110000000000010000000010010000000000000011000011000000101000000000000000000000000010010000011010000010000010010010010000001000100100010001000010
00000011001000000000000010000001000110000000000010000000010010000000000000011000011000000001000000000000000000000000010010000011010000010000010010010010000001000100100010001000010
00000011001000000000000010000001000110000000000010000000010010000000000000011000011000000001000000000000000000000000010010000011010000010000010010010000000001000100100010001000010
00000011001000000000000010000001000010000000000010000000010010000000000000011000001000000001000000000000000000000000010010000000010000000000000010010000000001000100000010001000010
00000010001000000000000000000001000010000000000010000000000010000000000000011000001000000001000000000000000000000000010000000000010000000000000010010000000001000000000010001000010
00000010001000000000000000000001000010000000000010000000000010000000000000001000001000000001000000000000000000000000010000000000010000000000000010000000000001000000000000000000010
00000010000000000000000000000001000010000000000010000000000010000000000000001000001000000001000000000000000000000000000000000000010000000000000010000000000001000000000000000000010
00000010000000000000000000000001000010000000000010000000000010000000000000000000001000000001000000000000000000000000000000000000000000000000000010000000000000000000000000000000010
00000010000000000000000000000001000010000000000010000000000010000000000000000000001000000001000000000000000000000000000000000000000000000000000010000000000000000000000000000000000
00000010000000000000000000000000000010000000000000000000000000000000000000000000001000000001000000000000000000000000000000000000000000000000000010000000000000000000000000000000000
00000010000000000000000000000000000000000000000000000000000000000000000000000000001000000001000000000000000000000000000000000000000000000000000010000000000000000000000000000000000
00000010000000000000000000000000000000000000000000000000000000000000000000000000000000000000000000000000000000000000000000000000000000000000000010000000000000000000000000000000000
00000000000000000000000000000000000000000000000000000000000000000000000000000000001000000001000000000000000000000000000000000000000000000000000000000000000000000000000000000000000
00000000000000000000000000000001000000000000000010000000000010000000000000000000000000000000000000000000000000000000000000000000000000000000000000000000000000000000000000000000000
00000000000000000000000000000001000000000000000000000000000010000000000000000000000000000000000000000000000000000000000000000000000000000000000000000000000000000000000000000000000
00000000000000000000000000000000000000000000000000000000000000000000000000001000000000000000000000000000000000000000000000000000010000000000000000000000000001000000000000000000000
00000000000000000000000000000000000000000000000000000000000000000000000000000000000000000000000000000000000000000000000000000000010000000000000000000000000001000000000000000000000
00000000001000000000000000000000000000000000000000000000000000000000000000000000000000000000000000000000000000000000010000000000000000000000000000000000000000000000000000000000000
00000000000000000000000000000000000000000000000000000000000000000000000000010000000000000000000000000000000000000000000000000000000000000000000000010000000000000000000010001000000
00000000000000000000000000000000000000000000000000000000000000000000000000000000000000000000000000000000000000000000000000000000000000000000000000010000000000000000000010001000000
00000000000000000000000000000000000000000000000000000000000000000000000000000000000000000000000000000000000000000000000000000000000000000000000000000000000000000000000010001000000
00000001000000000000000010000000000000000000000000000000010000000000000000000000000000000000000000000000000000000000000010000000000000000000000000000000000000000100000000000000000
00000001000000000000000000000000000000000000000000000000010000000000000000000000000000000000000000000000000000000000000010000000000000000000000000000000000000000100000000000000000
00000001000000000000000000000000000000000000000000000000010000000000000000000000000000000000000000000000000000000000000010000000000000000000000000000000000000000000000000000000000
00000001000000000000000000000000000000000000000000000000010000000000000000000000000000000000000000000000000000000000000000000000000000000000000000000000000000000000000000000000000
00000000000000000000000000000000000100000000000000000000000000000000000000000000010000000000000000000000000000000000000000000011000000010000010000000000000000000000100000000000000
00000000000000000000000000000000000100000000000000000000000000000000000000000000000000000000000000000000000000000000000000000001000000000000010000000000000000000000000000000000000
00000000000000000000000000000000000100000000000000000000000000000000000000000000000000000000000000000000000000000000000000000001000000000000000000000000000000000000000000000000000
00000000000000000000000000000000000000000000000000000000000000000000000000000000010000000000000000000000000000000000000000000010000000010000000000000000000000000000100000000000000
00000000000000000000000000000000000000000000000000000000000000000000000000000000010000000000000000000000000000000000000000000010000000000000000000000000000000000000100000000000000
00000000000000000000000000000000000000000000000000000000000000000000000000000000000000000000000000000000000000000000000000000010000000000000000000000000000000000000100000000000000
00000000000000000001000000000000000000000100000000000000000000000000000000000000000000000000000000000010000001000000000000001000000000100000000000000100000000000000000000100000000
00000000000000000001000000000000000000000100000000000000000000000000000000000000000000000000000000000000000000000000000000001000000000100000000000000000000000000000000000100000000
00000000000000000000000000000000000000000100000000000000000000000000000000000000000000000000000000000000000000000000000000001000000000100000000000000000000000000000000000100000000
00000000000000000000000000000000000000000000000000000000000000000000000000000000000000000000000000000000000000000000000000001000000000100000000000000000000000000000000000100000000
00000000000000000000000000000000000000000000000000000000000000000000000000000000000000000000000000000000000000000000000000001000000000100000000000000000000000000000000000000000000
00000000000000000000000000000000000000000000000000000000000000000000000000000000000000000000000000000010000001000000000000000000000000000000000000000100000000000000000000000000000
00000000000000000000000000000000000000000000000000000000000000000000000000000000000000000000000000000000000001000000000000000000000000000000000000000100000000000000000000000000000
01001000000110000110000100001000000000000000001001001010000101111000111010100110100000100010001000010101100100001101000000010000000000000001101000100000001000000010000001000001000
01000000000010000100000100000000000000000000000000000010000100000000000000000000000000000000000000000100000000000100000000000000000000000000000000000000000000000000000000000000000
01000000000010000100000100000000000000000000000000000010000100000000000000000000000000000000000000000000000000000100000000000000000000000000000000000000000000000000000000000000000
01000000000010000100000100000000000000000000000000000000000100000000000000000000000000000000000000000000000000000100000000000000000000000000000000000000000000000000000000000000000
01000000000010000100000100000000000000000000000000000000000100000000000000000000000000000000000000000000000000000000000000000000000000000000000000000000000000000000000000000000000
01000000000010000100000000000000000000000000000000000000000100000000000000000000000000000000000000000000000000000000000000000000000000000000000000000000000000000000000000000000000
01000000000010000000000000000000000000000000000000000000000100000000000000000000000000000000000000000000000000000000000000000000000000000000000000000000000000000000000000000000000
00000000000010000000000000000000000000000000000000000000000100000000000000000000000000000000000000000000000000000000000000000000000000000000000000000000000000000000000000000000000
00001000000100000010000000001000000000000000001001001000000001111000111010100110100000100010001000010001100100001001000000010000000000000001101000100000001000000010000001000001000
00001000000000000010000000000000000000000000001000000000000000001000000010000000000000100000001000010001000100001000000000010000000000000000101000100000001000000010000000000000000
00001000000000000010000000000000000000000000001000000000000000001000000010000000000000000000001000010001000100001000000000010000000000000000101000100000001000000010000000000000000
00001000000000000000000000000000000000000000000000000000000000001000000000000000000000000000001000010000000100000000000000000000000000000000100000100000001000000000000000000000000
00001000000000000000000000000000000000000000000000000000000000001000000000000000000000000000001000010000000000000000000000000000000000000000100000100000001000000000000000000000000
00001000000000000000000000000000000000000000000000000000000000001000000000000000000000000000000000010000000000000000000000000000000000000000100000100000001000000000000000000000000
00001000000000000000000000000000000000000000000000000000000000001000000000000000000000000000000000010000000000000000000000000000000000000000100000100000000000000000000000000000000
00000000000000000000000000000000000000000000000000000000000000001000000000000000000000000000000000010000000000000000000000000000000000000000100000100000000000000000000000000000000
00000000000000000000000000000000000000000000000000000000000000001000000000000000000000000000000000010000000000000000000000000000000000000000000000000000000000000000000000000000000
00000000000000000000000000000000000000000000000000000000000000000000000000000000000000000000000000000000000000000000000000000000000000000000100000100000000000000000000000000000000
00000000000000000010000000000000000000000000001000000000000000000000000010000000000000000000000000000001000000001000000000010000000000000000001000000000000000000010000000000000000
00000000000000000010000000000000000000000000001000000000000000000000000010000000000000000000000000000001000000001000000000010000000000000000001000000000000000000000000000000000000
00000000000000000010000000000000000000000000001000000000000000000000000010000000000000000000000000000001000000000000000000000000000000000000001000000000000000000000000000000000000
00000000000000000010000000000000000000000000001000000000000000000000000000000000000000000000000000000001000000000000000000000000000000000000001000000000000000000000000000000000000
00000000000000000010000000000000000000000000001000000000000000000000000000000000000000000000000000000001000000000000000000000000000000000000000000000000000000000000000000000000000
00000000000000000000000000000000000000000000001000000000000000000000000000000000000000000000000000000001000000000000000000000000000000000000000000000000000000000000000000000000000
00000000000000000000000000000000000000000000000000000000000000000000000000000000000000000000000000000000000000001000000000010000000000000000000000000000000000000000000000000000000
00000000000100000000000000001000000000000000000001001000000001110000111000100110100000000010000000000000100000000001000000000000000000000001000000000000000000000000000001000001000
00000000000100000000000000001000000000000000000001000000000001110000111000100110100000000010000000000000000000000001000000000000000000000001000000000000000000000000000001000000000
00000000000100000000000000001000000000000000000001000000000001110000011000100110100000000010000000000000000000000001000000000000000000000001000000000000000000000000000001000000000
00000000000100000000000000001000000000000000000001000000000001110000001000100110100000000000000000000000000000000001000000000000000000000001000000000000000000000000000001000000000
00000000000100000000000000001000000000000000000001000000000001110000001000100110100000000000000000000000000000000001000000000000000000000001000000000000000000000000000000000000000
00000000000100000000000000001000000000000000000001000000000001110000000000100110100000000000000000000000000000000001000000000000000000000001000000000000000000000000000000000000000
00000000000100000000000000001000000000000000000000000000000000110000000000100110000000000000000000000000000000000001000000000000000000000001000000000000000000000000000000000000000
00000000000100000000000000001000000000000000000000000000000000110000000000100010000000000000000000000000000000000001000000000000000000000001000000000000000000000000000000000000000
00000000000100000000000000001000000000000000000000000000000000110000000000100010000000000000000000000000000000000000000000000000000000000001000000000000000000000000000000000000000
00000000000100000000000000001000000000000000000000000000000000010000000000100010000000000000000000000000000000000000000000000000000000000001000000000000000000000000000000000000000
00000000000100000000000000001000000000000000000000000000000000000000000000100010000000000000000000000000000000000000000000000000000000000001000000000000000000000000000000000000000
00000000000100000000000000000000000000000000000000000000000000000000000000100010000000000000000000000000000000000000000000000000000000000000000000000000000000000000000000000000000
00000000000100000000000000000000000000000000000000000000000000000000000000100000000000000000000000000000000000000000000000000000000000000000000000000000000000000000000000000000000
00000000000000000000000000001000000000000000000000000000000000000000000000000000000000000000000000000000000000000000000000000000000000000001000000000000000000000000000000000000000
00000000000000000000000000000000000000000000000001000000000001000000000000000000100000000000000000000000000000000000000000000000000000000000000000000000000000000000000000000000000
00000000000000000000000000000000000000000000000000000000000001000000000000000000100000000000000000000000000000000000000000000000000000000000000000000000000000000000000000000000000
00000000000000000000000000000000000000000000000000000000000000000000010000000000000000000010000000000000000000000000000000000000000000000000000000000000000000000000000000000000000
00000000000000000000000000000000000000000000000000001000000000000000000000000000000000000000000000000000100000000000000000000000000000000000000000000000000000000000000000000001000
00000000000000000000000000000000000000000000000000001000000000000000000000000000000000000000000000000000000000000000000000000000000000000000000000000000000000000000000000000001000
00110000010000000000000000010100110000100000110000000000101000000001000100000000000110000000100110000000011000110000101000000000000000000000000000000000000100000000000000000000000
00010000010000000000000000010100110000100000110000000000101000000001000100000000000110000000100110000000011000110000101000000000000000000000000000000000000100000000000000000000000
00010000010000000000000000010000110000100000100000000000100000000001000100000000000110000000100110000000011000110000101000000000000000000000000000000000000100000000000000000000000
00010000010000000000000000010000110000100000100000000000100000000001000100000000000110000000100110000000011000100000101000000000000000000000000000000000000100000000000000000000000
00010000000000000000000000010000110000100000100000000000100000000001000100000000000110000000100110000000011000100000101000000000000000000000000000000000000100000000000000000000000
00010000000000000000000000010000110000100000100000000000100000000001000100000000000100000000100110000000011000100000101000000000000000000000000000000000000100000000000000000000000
00010000000000000000000000010000110000100000100000000000100000000001000100000000000100000000100110000000010000100000101000000000000000000000000000000000000000000000000000000000000
00010000000000000000000000000000110000000000100000000000100000000001000100000000000000000000100010000000000000100000101000000000000000000000000000000000000000000000000000000000000
00010000000000000000000000000000110000000000000000000000100000000001000100000000000000000000100010000000000000100000101000000000000000000000000000000000000000000000000000000000000
00010000000000000000000000000000110000000000000000000000100000000001000100000000000000000000100010000000000000000000101000000000000000000000000000000000000000000000000000000000000
00010000000000000000000000000000110000000000000000000000100000000001000000000000000000000000100010000000000000000000101000000000000000000000000000000000000000000000000000000000000
00010000000000000000000000000000110000000000000000000000100000000001000000000000000000000000100010000000000000000000001000000000000000000000000000000000000000000000000000000000000
00010000000000000000000000000000100000000000000000000000100000000000000000000000000000000000100010000000000000000000000000000000000000000000000000000000000000000000000000000000000
00010000000000000000000000000000100000000000000000000000000000000000000000000000000000000000100010000000000000000000000000000000000000000000000000000000000000000000000000000000000
00010000000000000000000000000000100000000000000000000000000000000000000000000000000000000000000010000000000000000000000000000000000000000000000000000000000000000000000000000000000
00000000000000000000000000000000100000000000000000000000000000000000000000000000000000000000000010000000000000000000000000000000000000000000000000000000000000000000000000000000000
00000000000000000000000000000000010000000000000000000000000000000001000000000000000000000000000000000000000000000000001000000000000000000000000000000000000000000000000000000000000
00000000000000000000000000000000010000000000000000000000000000000001000000000000000000000000000000000000000000000000000000000000000000000000000000000000000000000000000000000000000
00000000000000000000000000010000000000100000000000000000000000000000000000000000000100000000000100000000010000000000000000000000000000000000000000000000000000000000000000000000000
00000000000000000000000000010000000000100000000000000000000000000000000000000000000100000000000000000000010000000000000000000000000000000000000000000000000000000000000000000000000
00000000000000000000000000010000000000100000000000000000000000000000000000000000000000000000000000000000000000000000000000000000000000000000000000000000000000000000000000000000000
00000000000000000000000000000000000000000000000000000000000000000000000000000000000100000000000000000000010000000000000000000000000000000000000000000000000000000000000000000000000
00000000000000000000000000000000000000000000000000000000000000000000000000000000000000000000000000000000001000000000000000000000000000000000000000000000000100000000000000000000000
00000000000000000000000000000100000000000000010000000000001000000000000000000000000000000000000000000000000000000000000000000000000000000000000000000000000000000000000000000000000
00000000000000000000000000000100000000000000000000000000001000000000000000000000000000000000000000000000000000000000000000000000000000000000000000000000000000000000000000000000000
