1232.93341066
1369.99232066
1507.05123066
1578.08834066
1692.13127066
1779.16330066
1942.22663066
2070.28521066
2171.33289066
2302.37338066
2373.41049066
2470.46325066
2598.52183066
2726.61679066
2797.65390066
2928.69439066
3025.74715066
3122.79991066
3221.86832066
3322.91600066
3409.94803066
3538.00661066
3651.09067066
3807.19178066
3921.23471066
4058.29362066
4205.36203066
4352.43044066
4455.43963066
4641.51894066
4738.57170066
4795.59316066
4924.63575066
5061.69466066
5175.73759066
5232.75905066
5346.80198066
5477.84247066
5580.85166066
5743.91499066
5874.95548066
5974.02389066
6031.04535066
6144.12941066
6307.19274066
6378.22985066
6449.26696066
6520.30407066
6683.36740066
6811.46236066
6925.50529066
7039.54822066
7170.58871066
7285.61565066
7414.65824066
7513.72665066
7699.80596066
7846.87437066
8032.95368066
8170.01259066
8273.02178066
8429.12289066
8530.17057066
8659.21316066
8756.26592066
8827.30303066
8930.31222066
8987.33368066
9143.43479066
9214.47190066
9377.53523066
9476.60364066
9639.66697066
9738.73538066
9835.78814066
9998.85147066
10154.9525807
10292.0114907
10423.0519807
10570.1203907
10683.2044507
10780.2572107
10909.2998007
11006.3525607
11137.3930507
11266.4356407
11394.4942207
11525.5347107
11653.6296707
11767.6726007
11854.7046307