949
91 203
316 409
1 19
398 212
131 18
860 392
171 523
788 469
138 607
321 19
86 59
670 938
239 768
947 471
110 21
122 137
484 209
105 49
581 363
422 876
137 478
500 856
707 620
1 4
215 57
121 285
279 583
297 454
52 827
405 407
581 741
174 354
8 47
195 841
752 196
311 21
257 7
941 653
132 694
847 205
428 172
737 503
28 37
647 758
367 139
538 90
149 667
158 686
14 4
122 323
846 943
137 524
838 344
675 612
140 105
223 761
783 437
129 489
335 532
805 627
402 60
361 36
617 680
295 186
296 186
563 637
29 899
859 743
784 825
436 213
97 536
48 674
10 11
496 191
208 167
320 174
443 921
428 641
417 709
565 524
189 614
78 437
84 103
225 443
7 6
282 191
166 371
352 319
93 411
48 33
231 522
762 492
133 163
53 20
93 45
22 142
82 3
830 762
139 790
108 65
11 100
342 46
578 272
547 775
228 550
3 339
243 275
360 340
439 324
190 310
261 626
148 576
414 504
27 38
154 43
273 639
286 298
250 26
114 946
429 589
60 35
264 135
791 631
893 54
64 34
591 602
17 12
84 284
7 18
229 141
644 582
579 6
194 828
444 226
325 151
216 874
466 206
755 759
268 59
317 122
545 258
2 1
185 837
124 197
92 760
493 398
305 322
210 74
835 475
869 225
284 797
3 638
383 669
36 77
43 128
289 178
140 907
262 210
755 542
456 284
174 13
421 635
67 54
27 531
521 341
803 677
292 226
463 59
98 187
649 631
299 218
243 66
366 815
776 255
15 3
357 68
670 601
188 89
223 44
17 23
79 33
379 364
124 222
748 245
873 607
283 230
55 134
468 313
247 263
22 6
43 390
451 148
122 645
455 290
434 183
552 178
158 281
2 112
766 295
132 931
724 326
54 57
347 1
676 919
96 76
593 492
56 89
316 725
148 66
556 515
378 706
192 642
565 884
233 234
165 529
318 314
127 43
400 267
145 149
345 165
380 948
243 397
152 477
500 787
928 61
412 719
621 126
61 270
297 182
8 7
274 306
812 306
142 252
883 301
378 453
29 40
87 178
877 22
736 911
55 75
879 800
79 399
569 38
572 690
250 385
212 103
840 450
469 252
22 335
349 381
940 534
4 10
910 694
217 185
181 224
279 818
326 355
66 376
610 359
890 271
695 757
934 140
21 9
422 832
42 33
634 606
65 387
314 628
420 497
64 70
672 293
135 153
179 221
43 560
612 863
561 252
378 41
654 539
144 40
419 237
11 85
889 866
309 286
8 95
673 822
429 384
78 926
494 111
520 517
179 269
702 234
48 155
147 129
654 742
12 609
380 357
528 322
392 95
133 513
544 126
174 711
516 152
420 792
259 712
62 116
731 26
329 69
36 120
714 621
124 666
751 465
606 326
701 92
151 233
94 74
202 228
214 738
58 55
41 135
794 565
12 28
866 85
85 475
81 340
559 533
36 254
300 388
616 591
25 133
253 682
336 382
37 113
827 916
360 460
610 673
194 189
573 384
467 211
67 574
462 230
335 603
594 521
151 219
29 62
502 360
179 88
651 200
408 295
166 89
895 428
336 295
68 119
679 506
172 915
150 26
473 449
417 232
427 611
717 632
160 181
509 789
15 204
304 221
501 777
416 289
865 397
200 422
747 595
505 249
903 720
50 238
168 247
632 664
541 78
801 610
270 492
78 88
619 691
6 66
636 486
13 553
183 330
237 208
324 501
133 326
151 31
412 925
630 693
130 158
351 168
156 773
806 559
533 239
302 624
633 733
655 756
480 341
167 89
140 386
383 326
608 5
45 91
793 379
661 450
26 180
620 594
684 58
341 34
36 28
40 168
124 105
151 427
247 802
92 369
374 251
123 260
924 484
259 499
323 681
814 806
15 744
804 619
580 456
29 50
736 902
678 378
73 855
364 261
116 659
658 162
28 366
127 146
720 823
116 184
142 206
546 253
442 517
450 286
201 749
407 662
358 47
495 97
689 286
371 592
846 783
423 29
101 53
50 107
155 726
34 65
17 800
230 21
225 167
33 933
464 490
705 396
80 315
250 441
212 721
470 781
157 503
112 272
552 652
885 169
497 786
2 9
120 276
929 330
817 711
582 633
937 461
831 239
935 400
29 640
12 4
231 527
848 359
293 265
102 2
26 21
261 266
227 169
30 598
142 448
772 224
189 114
147 936
577 48
294 401
56 31
171 51
26 35
128 372
299 839
428 430
558 612
294 136
218 377
97 175
518 117
445 114
305 292
156 125
15 45
129 202
909 245
24 31
28 41
526 796
1 84
597 591
117 105
843 651
660 251
2 613
540 68
519 392
56 123
331 215
110 186
710 739
125 33
38 92
882 137
271 405
740 260
218 241
377 549
615 338
109 74
211 596
850 785
289 795
291 235
753 623
171 274
305 316
315 868
351 431
326 432
78 302
458 571
244 713
37 111
107 126
485 480
375 515
104 62
585 255
887 80
844 524
156 258
939 762
205 154
238 785
82 917
888 412
229 703
52 50
218 108
55 48
239 232
68 904
81 349
535 518
232 123
747 918
72 65
458 366
214 508
6 359
226 44
138 51
140 145
16 5
655 438
717 784
923 580
396 261
548 54
650 306
32 136
483 125
570 617
202 255
181 754
391 256
696 528
152 10
30 20
881 331
34 425
160 765
122 100
584 507
809 344
506 503
896 31
413 656
461 148
558 119
530 247
30 421
692 155
495 582
200 122
632 321
130 90
148 308
908 435
858 435
76 99
82 415
160 85
729 387
182 465
653 526
897 486
459 588
92 452
259 219
599 538
723 622
54 350
816 177
734 43
300 138
14 244
820 567
539 145
389 410
172 346
450 778
96 213
891 176
153 906
2 61
28 143
428 474
123 700
849 664
721 875
273 507
886 752
249 312
500 63
127 173
151 280
28 51
214 135
537 111
43 16
833 639
20 671
121 57
182 365
314 233
482 351
67 442
870 227
477 698
927 585
255 727
563 101
476 542
247 732
32 236
547 857
153 730
229 267
12 249
80 172
266 348
704 119
288 35
59 81
208 722
316 476
195 135
551 852
932 584
393 305
199 138
148 871
207 53
115 50
808 173
287 327
248 202
322 845
206 676
618 422
59 37
63 59
575 464
49 216
20 27
512 526
564 567
262 647
243 479
914 911
590 187
511 320
518 728
606 819
403 779
293 368
821 335
209 147
6 5
185 67
368 745
11 24
33 97
403 142
5 3
344 5
12 459
249 412
59 735
604 245
601 289
192 64
3 1
605 64
70 139
562 15
353 210
395 58
780 675
141 50
246 290
901 347
880 519
213 375
854 662
720 716
167 872
286 13
697 209
40 892
419 842
56 169
44 27
224 811
332 98
394 225
44 71
691 824
395 514
656 688
21 767
132 28
207 261
424 168
750 702
570 459
716 236
905 861
129 119
233 498
472 116
84 447
58 307
550 764
633 695
491 489
488 429
78 50
384 763
312 564
14 176
191 39
201 586
321 420
922 473
6 182
73 27
657 616
471 164
619 559
152 878
627 607
324 100
240 83
867 103
11 33
49 37
457 178
293 334
303 289
68 328
96 625
949 295
92 487
798 391
623 607
301 2
414 449
630 7
253 147
494 591
663 625
41 600
920 447
525 204
370 298
10 106
53 534
710 44
25 12
807 575
107 362
63 265
193 66
643 86
38 54
47 683
557 49
715 506
400 509
238 799
945 365
83 38
156 363
440 24
131 220
264 543
14 770
287 851
170 18
509 894
587 551
699 24
356 119
251 160
435 393
782 45
183 121
338 286
223 231
20 13
746 234
861 746
90 36
118 49
287 205
553 568
188 277
27 271
397 464
190 163
53 201
222 481
665 117
214 256
271 433
313 183
71 76
9 736
944 837
46 69
486 23
418 135
912 534
211 75
203 319
217 510
29 46
836 578
164 124
245 149
39 30
33 34
337 554
273 272
247 413
247 771
668 272
376 687
319 629
910 913
519 631
80 648
199 646