4825.40044663
4919.16195087
4926.44812663
5027.49580663
5083.47353063
5142.28660651
5155.88635289
5164.55471663
5180.07352168
5226.53286889
5261.60747663
5298.9156544
5374.69153663
5375.07553811
5399.96854305
5422.67564267
5489.71847663
5518.58702911
5559.01193885
5603.76140663
5693.58782986
5716.84546663
5726.15532022
5830.88839663
5887.40468332
5890.97807805
5894.86824003
5913.22908101
5931.93607663
5940.96274321
6034.94526663
6041.41755416
6045.29041356
6057.30184387
6163.04022663
6201.2169913
6326.10355663
6416.6086856
6439.18761663
6487.74046565
6533.08871674
6554.21455663
6574.20386224
6625.51806038
6646.62873766
6670.27602667
6701.28296663
6713.14467737
6740.29386663
6799.23953505
6868.38882663
6887.36227663
6933.10427327
6958.39938663
6981.47288663
6987.30990112
7005.61791959
7017.47944898
7086.49434663
7091.99547728
7095.82649447
7096.49982663
7149.33629377
7169.79256356
7183.53185663
7249.55767663
7263.52481481
7304.39534951
7357.78280763
7362.64173663
7369.61116663
7373.20624886
7408.76361334
7449.90586412
7470.65884663
7475.72579663
7598.85044732
7601.69933663
7654.21969489
7656.83579592
7661.80510663
7729.75791663
7787.78859884
7790.84769663
7844.78485663
7918.94265663
7923.34691366
8066.01106663
8123.03252663
8157.66620921
8224.97490083
8227.73430515
8267.01629228
8276.43704218
8286.09585663
8304.43103643
8411.27237222
8418.90152633
8423.15476663